2+2
5-1
2*3
4/5
1:100
valor <- 5
pares <- c(0, 1, 2, 4, 8)
ls (valor)